53
 50.00  60.00  70.00  80.00  90.00  100.00  110.00  120.00  130.00  140.00  150.00   0.00   0.00   0.00   0.00   0.00   0.00   0.00   0.00 
 60.00  70.00  80.00  90.00  100.00  110.00  120.00  130.00  140.00  150.00  160.00   0.00   0.00   0.00   0.00   0.00   0.00   0.00   0.00 
 70.00  80.00  80.00  90.00  110.00  120.00  120.00  130.00  150.00  160.00  170.00   0.00   0.00   0.00   0.00   0.00   0.00   0.00   0.00 
 80.00  90.00  90.00  100.00  120.00  130.00  130.00  140.00  160.00  170.00  180.00   0.00   0.00   0.00   0.00   0.00   0.00   0.00   0.00 
 90.00  100.00  100.00  110.00  130.00  140.00  140.00  150.00  170.00  180.00  190.00   0.00   0.00   0.00   0.00   0.00   0.00   0.00   0.00 
 100.00  110.00  110.00  120.00  130.00  140.00  150.00  160.00  180.00  190.00  200.00   0.00   0.00   0.00   0.00   0.00   0.00   0.00   0.00 
 110.00  120.00  130.00  130.00  140.00  150.00  160.00  170.00  190.00  200.00  210.00   0.00   0.00   0.00   0.00   0.00   0.00   0.00   0.00 
 120.00  130.00  140.00  150.00  160.00  170.00  170.00  180.00  200.00  210.00  220.00   0.00   0.00   0.00   0.00   0.00   0.00   0.00   0.00 
 130.00  140.00  150.00  160.00  170.00  180.00  180.00  190.00  210.00  220.00  230.00   0.00   0.00   0.00   0.00   0.00   0.00   2.00   2.00 
 140.00  150.00  160.00  170.00  180.00  190.00  200.00  210.00  220.00  230.00  240.00   0.00   0.00   0.00   0.00   0.00   0.00   0.00   0.00 
 150.00  160.00  170.00  180.00  190.00  200.00  210.00  220.00  230.00  240.00  250.00   0.00   0.00   0.00   0.00   0.00   0.00   0.00   0.00 
